825537079055220767
825541060519526401
825541012226965584
825541012175716362
825541012092878858
825541011723911201
825541011647758376
825541011630587934
825541011072876545
825541011030933555
825541010951897129
825541010867879976
825541010359975976
825541010150916166
825541010058510356
825541010045272105
825541009387290625
825541009349804042
825541009152016405
825541009018191883
825541009000628236
825541008665608233
825541008635985931
825541008568614943
825541008384589855
825541008019423265
825541008015097906
825541007914696724
825541007676407850
825541007596453958
825541007131148298
825541006908325890
825541006811987968
825541006693892156
825541006673444875
825541005906411520
825540865752694826
825541023161778197
825540858945732619
825541023097946172
825538410658791455
825541022964645929
825538410352738314
825541022758600734
825538409664872528
825541022712856596
825538409010298900
825541022603935745
825538408070774835
825541022285037580
825538407551336518
825541022271537235
825538406855082024
825541022188306452
825538406162759770
825541021991436311
825538405353914378
825541021986586665
825538404614668308
825541021785391114
825538403915268146
825541021714350120
825538403176415293
825541021559554068
825538402111455264
825541021407772722
825538401758347294
825541021005119529
825538400764821505
825541020921757696
825538399989137468
825541020912713758
825538399200346162
825541020762505218
825538398524669972
825541020632612934
825538396691890298
825541020535619594
825537481327902751
825541020489089055
825537170025480242
825541020472180766
825538397770743879
825541019730182154
825541019265007626
825541019255701545
825541018975207455
825541018916093953
825541018480148481
825541018405437480
825541018111836180
825541018098204702
825541018081558528
825541018081427486
825541018027556894
825541017985744916
825541017914441740
825541017628704848
825541017276907551
825541016400560138
825541016400429056
825541016357830656
825541016312479754
825541016140513291
825541016114167870
825541016027267073
825541015951245315
825541015842193469
825541015549116426
825541015518969896
825541015171235861
825541014995075104
825541014306422805
825541014303146034
825541014302228520
825541014239838288
825541013602959401
825541013442658326
825541013144993792
825541013107114004
825541013044723722
825541013014970398
825541012809318410
825541012642070570
825541012557660231
825541012502872166
